10
0.0 0.0 -2.5
1920 1080
50.0 50.0 0.0 1.0 1.0 1.0 1.0 1.0 1.0
0.1
1
0.5 0.5 1.0
0 0.0 0.0 0.0 0.8 0.1 0.8 0.1 0.5 0.5 0.5 1.0 1.0 1.0 0.4 50.0 0.0 0.0
1 0.0 1.0 0.0 2.0 0.5 0.5 0.5 0.1 0.1 0.1 1.0 1.0 1.0 0.0 50.0 0.0 0.0
2 -1.0 0.0 -1.0 1.0 0.0 -1.0 0.0 2.0 0.0 0.0 0.0 0.0 0.0 0.1 0.1 0.1 0.5 0.5 0.5 1.0 1.0 1.0 0.1 50.0 0.7 1.0
2 1.0 0.0 -1.0 1.0 0.0 1.0 0.0 2.0 0.0 0.0 0.0 0.0 0.0 0.1 0.1 0.1 0.5 0.5 0.5 1.0 1.0 1.0 0.1 50.0 0.7 1.0
2 1.0 0.0 1.0 -1.0 0.0 1.0 0.0 2.0 0.0 0.0 0.0 0.0 0.0 0.1 0.1 0.1 0.5 0.5 0.5 1.0 1.0 1.0 0.1 50.0 0.7 1.0
2 -1.0 0.0 1.0 -1.0 0.0 -1.0 0.0 2.0 0.0 0.0 0.0 0.0 0.0 0.1 0.1 0.1 0.5 0.5 0.5 1.0 1.0 1.0 0.1 50.0 0.7 1.0
2 -1.0 0.0 -1.0 1.0 0.0 -1.0 0.0 -2.0 0.0 0.0 0.0 0.0 0.0 0.1 0.1 0.1 0.5 0.5 0.5 1.0 1.0 1.0 0.1 50.0 0.7 1.0
2 1.0 0.0 -1.0 1.0 0.0 1.0 0.0 -2.0 0.0 0.0 0.0 0.0 0.0 0.1 0.1 0.1 0.5 0.5 0.5 1.0 1.0 1.0 0.1 50.0 0.7 1.0
2 1.0 0.0 1.0 -1.0 0.0 1.0 0.0 -2.0 0.0 0.0 0.0 0.0 0.0 0.1 0.1 0.1 0.5 0.5 0.5 1.0 1.0 1.0 0.1 50.0 0.7 1.0
2 -1.0 0.0 1.0 -1.0 0.0 -1.0 0.0 -2.0 0.0 0.0 0.0 0.0 0.0 0.1 0.1 0.1 0.5 0.5 0.5 1.0 1.0 1.0 0.1 50.0 0.7 1.0