14
4.0 0.0 -10.0
1920 1080
50.0 50.0 -50.0 1.0 1.0 1.0 1.0 1.0 1.0
0.3
1
0.5 0.5 1.0
0 40.0 50.0 60.0 1.0 0.8 0.8 0.8 0.0 0.0 0.0 1.0 1.0 1.0 0.0 0.0 0.0 1.0
2 -1.0 -1.0 -1.0 3.0 -1.0 -1.0 1.0 3.0 1.0 0.0 0.0 0.0 0.0 0.5 0.5 0.5 0.3 0.3 0.3 1.0 1.0 1.0 0.0 50.0 0.0 0.0
2 3.0 -1.0 -1.0 3.0 -1.0 3.0 1.0 3.0 1.0 0.0 0.0 0.0 0.0 0.5 0.5 0.5 0.5 0.5 0.5 1.0 1.0 1.0 0.0 50.0 0.0 0.0
2 3.0 -1.0 3.0 -1.0 -1.0 3.0 1.0 3.0 1.0 0.0 0.0 0.0 0.0 0.5 0.5 0.5 0.5 0.5 0.5 1.0 1.0 1.0 0.0 50.0 0.0 0.0
2 -1.0 -1.0 3.0 -1.0 -1.0 -1.0 1.0 3.0 1.0 0.0 0.0 0.0 0.0 0.5 0.5 0.5 0.5 0.5 0.5 1.0 1.0 1.0 0.0 50.0 0.0 0.0
2 -5.0 -1.0 4.0 -3.0 -1.0 4.0 -4.0 1.0 5.0 0.0 0.0 0.0 0.0 0.5 0.5 0.5 0.5 0.5 0.5 1.0 1.0 1.0 0.0 50.0 0.0 0.0
2 -3.0 -1.0 4.0 -3.0 -1.0 6.0 -4.0 1.0 5.0 0.0 0.0 0.0 0.0 0.5 0.5 0.5 0.5 0.5 0.5 1.0 1.0 1.0 0.0 50.0 0.0 0.0
2 -3.0 -1.0 6.0 -5.0 -1.0 6.0 -4.0 1.0 5.0 0.0 0.0 0.0 0.0 0.5 0.5 0.5 0.5 0.5 0.5 1.0 1.0 1.0 0.0 50.0 0.0 0.0
2 -5.0 -1.0 6.0 -5.0 -1.0 4.0 -4.0 1.0 5.0 0.0 0.0 0.0 0.0 0.5 0.5 0.5 0.5 0.5 0.5 1.0 1.0 1.0 0.0 50.0 0.0 0.0
2 4.0 -1.0 -6.0 8.0 -1.0 -6.0 6.0 3.0 -4.0 0.0 0.0 0.0 0.0 0.5 0.5 0.5 0.3 0.3 0.3 1.0 1.0 1.0 0.0 50.0 0.0 0.0
2 8.0 -1.0 -6.0 8.0 -1.0 -2.0 6.0 3.0 -4.0 0.0 0.0 0.0 0.0 0.5 0.5 0.5 0.3 0.3 0.3 1.0 1.0 1.0 0.0 50.0 0.0 0.0
2 8.0 -1.0 -2.0 4.0 -1.0 -2.0 6.0 3.0 -4.0 0.0 0.0 0.0 0.0 0.5 0.5 0.5 0.3 0.3 0.3 1.0 1.0 1.0 0.0 50.0 0.0 0.0
2 4.0 -1.0 -2.0 4.0 -1.0 -6.0 6.0 3.0 -4.0 0.0 0.0 0.0 0.0 0.5 0.5 0.5 0.3 0.3 0.3 1.0 1.0 1.0 0.0 50.0 0.0 0.0
1 0.0 1.0 0.0 1.0 0.761 0.698 0.502 0.1 0.1 0.1 1.0 1.0 1.0 0.0 0.0 0.0 0.0