28
0.0 0.0 1.0
1920 1080
0.0 3.9 4.0 1.0 1.0 1.0 1.0 1.0 1.0
0.1
1
0.5 0.5 1.0
0 0.0 1.0 10.1 3.0 0.6 0.1 0.1 0.5 0.5 0.5 1.0 1.0 1.0 0.4 50.0 0.0 0.0
2 5.0 -1.0 3.0 5.0 -1.0 1.0 5.0 2.0 1.0 0.0 0.0 0.0 0.0 0.1 0.1 0.1 0.5 0.5 0.5 1.0 1.0 1.0 0.5 50.0 0.0 0.0
2 5.0 -1.0 3.0 5.0 2.0 1.0 5.0 2.0 3.0 0.0 0.0 0.0 0.0 0.8 0.1 0.2 0.5 0.5 0.5 1.0 1.0 1.0 0.0 50.0 0.0 0.0
1 0.0 1.0 0.0 1.0 0.5 0.5 0.5 0.1 0.1 0.1 1.0 1.0 1.0 0.0 50.0 0.0 0.0
2 5.0 -1.0 7.0 5.0 -1.0 5.0 5.0 2.0 5.0 0.0 0.0 0.0 0.0 0.8 0.1 0.2 0.0 0.0 0.0 1.0 1.0 1.0 0.0 50.0 0.0 0.0
2 5.0 -1.0 7.0 5.0 2.0 5.0 5.0 2.0 7.0 0.0 0.0 0.0 0.0 0.8 0.1 0.2 0.0 0.0 0.0 1.0 1.0 1.0 0.0 50.0 0.0 0.0
2 5.0 2.0 7.0 5.0 2.0 1.0 5.0 4.0 7.0 0.0 0.0 0.0 0.0 0.8 0.1 0.2 0.0 0.0 0.0 1.0 1.0 1.0 0.0 50.0 0.0 0.0
2 5.0 4.0 7.0 5.0 2.0 1.0 5.0 4.0 1.0 0.0 0.0 0.0 0.0 0.8 0.1 0.2 0.0 0.0 0.0 1.0 1.0 1.0 0.0 50.0 0.0 0.0
2 -5.0 -1.0 7.0 5.0 -1.0 7.0 -5.0 1.0 7.0 0.0 0.0 0.0 0.0 0.8 0.1 0.2 0.0 0.0 0.0 1.0 1.0 1.0 0.0 50.0 0.0 0.0
2 -5.0 1.0 7.0 5.0 -1.0 7.0 5.0 1.0 7.0 0.0 0.0 0.0 0.0 0.8 0.1 0.2 0.0 0.0 0.0 1.0 1.0 1.0 0.0 50.0 0.0 0.0
2 2.5 1.0 7.0 5.0 1.0 7.0 2.5 3.0 7.0 0.0 0.0 0.0 0.0 0.8 0.1 0.2 0.0 0.0 0.0 1.0 1.0 1.0 0.0 50.0 0.0 0.0
2 2.5 3.0 7.0 5.0 1.0 7.0 5.0 3.0 7.0 0.0 0.0 0.0 0.0 0.8 0.1 0.2 0.0 0.0 0.0 1.0 1.0 1.0 0.0 50.0 0.0 0.0
2 -2.5 1.0 7.0 2.5 1.0 7.0 -2.5 3.0 7.0 0.0 0.0 0.0 0.0 0.1 0.1 0.1 0.0 0.0 0.0 1.0 1.0 1.0 0.0 50.0 0.5 1.0
2 -2.5 3.0 7.0 2.5 1.0 7.0 2.5 3.0 7.0 0.0 0.0 0.0 0.0 0.1 0.1 0.1 0.0 0.0 0.0 1.0 1.0 1.0 0.0 50.0 0.5 1.0
2 3.0 -1.0 6.9 4.0 -1.0 6.9 3.0 2.0 6.9 0.0 0.0 0.0 0.0 0.1 0.1 0.1 0.0 0.0 0.0 1.0 1.0 1.0 0.5 50.0 0.0 0.0
2 3.0 2.0 6.9 4.0 -1.0 6.9 4.0 2.0 6.9 0.0 0.0 0.0 0.0 0.1 0.1 0.1 0.0 0.0 0.0 1.0 1.0 1.0 0.5 50.0 0.0 0.0
2 -5.0 3.0 7.0 -5.0 1.0 7.0 -2.5 1.0 7.0 0.0 0.0 0.0 0.0 0.8 0.1 0.2 0.0 0.0 0.0 1.0 1.0 1.0 0.0 50.0 0.0 0.0
2 -5.0 3.0 7.0 -2.5 1.0 7.0 -2.5 3.0 7.0 0.0 0.0 0.0 0.0 0.8 0.1 0.2 0.0 0.0 0.0 1.0 1.0 1.0 0.0 50.0 0.0 0.0
2 -5.0 4.0 7.0 -5.0 3.0 7.0 5.0 3.0 7.0 0.0 0.0 0.0 0.0 0.8 0.1 0.2 0.0 0.0 0.0 1.0 1.0 1.0 0.0 50.0 0.0 0.0
2 -5.0 4.0 7.0 5.0 3.0 7.0 5.0 4.0 7.0 0.0 0.0 0.0 0.0 0.8 0.1 0.2 0.0 0.0 0.0 1.0 1.0 1.0 0.0 50.0 0.0 0.0
2 -5.0 -1.0 1.0 -5.0 -1.0 7.0 -5.0 4.0 7.0 0.0 0.0 0.0 0.0 0.8 0.1 0.2 0.0 0.0 0.0 1.0 1.0 1.0 0.0 50.0 0.0 0.0
2 -5.0 -1.0 1.0 -5.0 4.0 7.0 -5.0 4.0 1.0 0.0 0.0 0.0 0.0 0.8 0.1 0.2 0.0 0.0 0.0 1.0 1.0 1.0 0.0 50.0 0.0 0.0
2 -4.9 1.0 2.0 -4.9 1.0 5.0 -4.9 3.0 5.0 0.0 0.0 0.0 0.0 0.1 0.1 0.1 0.0 0.0 0.0 1.0 1.0 1.0 0.5 50.0 0.0 0.0
2 -4.9 1.0 2.0 -4.9 3.0 5.0 -4.9 3.0 2.0 0.0 0.0 0.0 0.0 0.1 0.1 0.1 0.0 0.0 0.0 1.0 1.0 1.0 0.5 50.0 0.0 0.0
2 -5.0 4.0 1.0 5.0 4.0 1.0 -5.0 4.0 7.0 0.0 0.0 0.0 0.0 0.5 0.5 0.5 0.0 0.0 0.0 1.0 1.0 1.0 0.0 50.0 0.0 0.0
2 -5.0 4.0 7.0 5.0 4.0 1.0 5.0 4.0 7.0 0.0 0.0 0.0 0.0 0.5 0.5 0.5 0.0 0.0 0.0 1.0 1.0 1.0 0.0 50.0 0.0 0.0
2 -5.0 -1.0 1.0 5.0 -1.0 1.0 -5.0 4.0 1.0 0.0 0.0 0.0 0.0 0.9 0.9 0.9 0.0 0.0 0.0 1.0 1.0 1.0 0.0 50.0 0.0 0.0
2 -5.0 4.0 1.0 5.0 -1.0 1.0 5.0 4.0 1.0 0.0 0.0 0.0 0.0 0.9 0.9 0.9 0.0 0.0 0.0 1.0 1.0 1.0 0.0 50.0 0.0 0.0