8
0.0 0.0 0.0
1920 1080
50.0 50.0 0.0 1.0 1.0 1.0 1.0 1.0 1.0
0.1
1
0.5 0.5 1.0
0 1.5 1.0 4.0 0.5 0.6 0.1 0.1 0.5 0.5 0.5 1.0 1.0 1.0 0.4 50.0 0.0 0.0
0 0.0 0.01 2.5 1.0 0.1 0.1 0.1 0.5 0.5 0.5 1.0 1.0 1.0 0.5 50.0 0.0 0.0
0 -2.5 0.0 4.5 1.0 0.1 0.1 0.6 0.5 0.5 0.5 1.0 1.0 1.0 0.5 50.0 0.0 0.0
0 0.0 2.5 4.5 1.0 0.1 0.1 0.6 0.5 0.5 0.5 1.0 1.0 1.0 0.5 50.0 0.0 0.0
0 -2.5 0.0 -2.5 1.0 0.1 0.1 0.6 0.5 0.5 0.5 1.0 1.0 1.0 0.5 50.0 0.0 0.0
1 0.0 1.0 0.0 1.0 0.5 0.5 0.5 0.1 0.1 0.1 1.0 1.0 1.0 0.3 50.0 0.0 0.0
2 2.0 0.5 2.5 3.0 0.5 1.5 2.5 1.5 2.0 0.0 0.0 0.0 0.0 0.1 0.1 0.1 0.5 0.5 0.5 1.0 1.0 1.0 0.1 50.0 0.7 1.0
2 1.0 0.5 3.0 2.0 0.5 3.0 1.5 1.5 3.0 0.0 0.0 0.0 0.0 0.1 0.1 0.1 0.5 0.5 0.5 1.0 1.0 1.0 0.1 50.0 0.7 1.0
